每幅图像的标定误差：
第1幅图像的平均误差：0.0712864像素
第2幅图像的平均误差：0.0770694像素
第3幅图像的平均误差：0.0718638像素
第4幅图像的平均误差：0.0705073像素
第5幅图像的平均误差：0.0910945像素
第6幅图像的平均误差：0.0659714像素
第7幅图像的平均误差：0.0641414像素
第8幅图像的平均误差：0.0767204像素
第9幅图像的平均误差：0.0583737像素
第10幅图像的平均误差：0.0568027像素
第11幅图像的平均误差：0.0676829像素
第12幅图像的平均误差：0.0807669像素
第13幅图像的平均误差：0.0701905像素
总体平均误差：0.0709593像素

相机内参数矩阵：
[530.0393889065845, 0, 338.8877128635598;
 0, 530.2174709010319, 232.337554842746;
 0, 0, 1]

畸变系数：
[-0.2651712955089417, -0.06416800925560796, 0.0007277397721339059, -0.001017023275145928, 0.3324660085725286]


第1幅图像的旋转向量：
[-28.92151461869542;
 -42.4357860581031;
 158.5660199280059]
第1幅图像的旋转矩阵：
[-0.9257636855415602, 0.2488775389247075, -0.2846428800291478;
 -0.0734391833818393, -0.8568393927765002, -0.5103263086796592;
 -0.3709019882350535, -0.4515376236873057, 0.8115081573946775]
第1幅图像的平移向量：
[-1.986000829768677;
 -2.010693560165203;
 0.1162484818058424]

第2幅图像的旋转向量：
[-22.27483603397533;
 33.91569046095677;
 140.4940671789069]
第2幅图像的旋转矩阵：
[-0.1248343748917637, -0.9903174226603559, 0.06072710449818106;
 0.9089558980515695, -0.08961173819382368, 0.4071472851133199;
 -0.397763188647024, 0.1060242366312157, 0.91134148759075]
第2幅图像的平移向量：
[-2.430453005890129;
 -0.2015571245689962;
 0.2098173012619322]

第3幅图像的旋转向量：
[-15.00503195891334;
 -39.26529607098097;
 126.3993857878119]
第3幅图像的旋转矩阵：
[0.315883893723111, -0.8800457837724973, -0.3545938298258685;
 0.9260615866411166, 0.367298815347278, -0.08661130406721637;
 0.2064638065958874, -0.3010166086925052, 0.931000374788968]
第3幅图像的平移向量：
[1.728006202406946;
 2.496306327677797;
 -0.5201763394202268]

第4幅图像的旋转向量：
[-38.42632424345052;
 -26.01188092883628;
 131.4132486925465]
第4幅图像的旋转矩阵：
[0.4660110402473046, -0.8250928299262923, -0.3194613159239272;
 0.8845759528770292, 0.4422079221887811, 0.1482482281350321;
 0.01894977465092143, -0.3516731089487836, 0.9359310500688478]
第4幅图像的平移向量：
[-2.142738766489753;
 -2.137246430232439;
 0.3904279187135644]

第5幅图像的旋转向量：
[24.25244753991666;
 -45.30267636788088;
 125.8557277962531]
第5幅图像的旋转矩阵：
[-0.6047211170113065, 0.5990313223408416, 0.5248560235866406;
 -0.7961147865565487, -0.4734023767239194, -0.3769501775277005;
 0.02266312570274764, -0.6457953736027587, 0.7631741073743619]
第5幅图像的平移向量：
[-0.3402712898804481;
 -2.941330191331734;
 0.7215484735444997]

第6幅图像的旋转向量：
[67.95273549225634;
 -25.22439153179456;
 132.6508525273677]
第6幅图像的旋转矩阵：
[0.9471439603214511, -0.3190452856589792, -0.03359202472876197;
 0.3091071346094315, 0.9356021659950988, -0.1705912257967164;
 0.08585509746161946, 0.1511909146875561, 0.9847691148466202]
第6幅图像的平移向量：
[0.1447648288044485;
 -2.687850918771458;
 -0.08483667777910449]

第7幅图像的旋转向量：
[8.97528153852965;
 -27.64474428345641;
 154.4313748475511]
第7幅图像的旋转矩阵：
[0.9980166139348791, -0.06198596360292254, -0.01098082994020088;
 0.06194597572169722, 0.9980717058927639, -0.00394537554548393;
 0.01120421357549685, 0.003257332117725578, 0.9999319253757375]
第7幅图像的平移向量：
[0.44442023219334;
 -2.779715538540881;
 0.1543001735287386]

第8幅图像的旋转向量：
[32.56381533469284;
 -34.29080919617706;
 125.216973951649]
第8幅图像的旋转矩阵：
[-0.2468334932877467, -0.967237441961498, 0.05937135217548636;
 0.802034093084359, -0.2382927025315291, -0.5476841256149113;
 0.5438883526255344, -0.08756893734651527, 0.8345760247516605]
第8幅图像的平移向量：
[0.3047332075457438;
 -2.832186844791944;
 0.5168001629586305]

第9幅图像的旋转向量：
[-25.73864755825482;
 -31.62749770339308;
 110.3502926986013]
第9幅图像的旋转矩阵：
[-0.1097903210697679, 0.9936165517921798, 0.02592746428047832;
 -0.8565003007355705, -0.08133951665567024, -0.5096970844237769;
 -0.5043345320709997, -0.07816668750075145, 0.8599631670751282]
第9幅图像的平移向量：
[1.919070706127988;
 2.198952559698783;
 0.6416806743027239]

第10幅图像的旋转向量：
[19.75868025990034;
 -43.46821498852623;
 133.9752004655466]
第10幅图像的旋转矩阵：
[-0.6221191390177639, 0.6423323083861221, 0.4476348762899868;
 -0.7827837521508587, -0.4995471142363194, -0.3710825757520669;
 -0.0147436168024985, -0.5812588805872314, 0.8135851150937186]
第10幅图像的平移向量：
[0.2395494610049268;
 2.535162787348103;
 0.06025742682427291]

第11幅图像的旋转向量：
[21.23143885971205;
 -40.19182442645518;
 127.7057265759736]
第11幅图像的旋转矩阵：
[-0.8471002487546894, 0.3350273375675991, 0.4125261829776495;
 -0.5109004282506325, -0.7270861404961273, -0.4586136682565904;
 0.1462939539867027, -0.5992515560103384, 0.7870804607193118]
第11幅图像的平移向量：
[-0.02772977472058571;
 -3.013325371523202;
 0.5763829009003184]

第12幅图像的旋转向量：
[14.32370691156269;
 -35.74845392327251;
 115.0786921063688]
第12幅图像的旋转矩阵：
[-0.3703740354730085, -0.921644555073114, -0.1157341261319248;
 0.8249986256916451, -0.2691338534878196, -0.496934841315935;
 0.4268493193790232, -0.2795322575497833, 0.8600356827101918]
第12幅图像的平移向量：
[-0.4438387779755038;
 -2.892508487895796;
 -0.732569442779356]

第13幅图像的旋转向量：
[18.89935375544836;
 -42.40366749466435;
 123.7345242757738]
第13幅图像的旋转矩阵：
[0.9784453243617272, -0.1963405121249666, -0.06399336319635289;
 0.1943211467021878, 0.9802606895359545, -0.03644547289913728;
 0.06988590114623487, 0.02322463883466802, 0.9972846017922757]
第13幅图像的平移向量：
[0.2690298582432766;
 2.705704953556678;
 0.259805146164424]


