每幅图像的标定误差：
第1幅图像的平均误差：0.0650133像素
第2幅图像的平均误差：0.0729565像素
第3幅图像的平均误差：0.061402像素
第4幅图像的平均误差：0.0592124像素
第5幅图像的平均误差：0.0559423像素
第6幅图像的平均误差：0.051476像素
第7幅图像的平均误差：0.0748807像素
第8幅图像的平均误差：0.0569713像素
第9幅图像的平均误差：0.063666像素
第10幅图像的平均误差：0.0560484像素
第11幅图像的平均误差：0.0787756像素
第12幅图像的平均误差：0.0753009像素
第13幅图像的平均误差：0.0533399像素
总体平均误差：0.0634604像素

相机内参数矩阵：
[536.3743837494242, 0, 325.5026111429054;
 0, 536.2188234382754, 249.5562716748423;
 0, 0, 1]

畸变系数：
[-0.3076207436188839, 0.1810183501387094, -0.001006747753424712, -0.001092862679705989, -0.1016541106744171]


第1幅图像的旋转向量：
[-62.17738928484696;
 -43.74473917328218;
 159.0208425939369]
第1幅图像的旋转矩阵：
[0.952791663305844, -0.2875262525441718, -0.0975535772423973;
 0.29696726253068, 0.9494031856543423, 0.1021960667267606;
 0.06323362491520934, -0.1263417791836552, 0.9899693245312156]
第1幅图像的平移向量：
[-1.983870665778131;
 -2.003515268386875;
 0.1091880905633348]

第2幅图像的旋转向量：
[-55.42778768873186;
 32.71870431665695;
 141.3918078465606]
第2幅图像的旋转矩阵：
[-0.008590359273740938, 0.8121913618876427, -0.5833278644147256;
 -0.985877678667111, -0.104445764189704, -0.1309056341368756;
 -0.1672465498403386, 0.5739653944428402, 0.8016185611302785]
第2幅图像的平移向量：
[-2.417885338813011;
 -0.2002506830689918;
 0.2030630125641083]

第3幅图像的旋转向量：
[-48.29673618025034;
 -40.25965504727083;
 126.5279279931704]
第3幅图像的旋转矩阵：
[-0.7633294166646639, 0.1210000561524287, -0.6345763847366942;
 0.2679511439890262, -0.8345155740936425, -0.4814415239986374;
 -0.5878183274527565, -0.5375339459106443, 0.6045881829016975]
第3幅图像的平移向量：
[-1.796152212028556;
 -2.585890303451391;
 0.5239577350382467]

第4幅图像的旋转向量：
[-71.62069918743921;
 -26.93075823248451;
 131.8564122510589]
第4幅图像的旋转矩阵：
[0.1565451312445136, -0.7721556413538466, -0.615848428924738;
 0.9518057397351045, -0.04856313246487006, 0.3028323892395098;
 -0.2637412665681056, -0.6335750055760008, 0.7273398494640744]
第4幅图像的平移向量：
[-2.139453201274979;
 -2.129361042826604;
 0.3814945752234895]

第5幅图像的旋转向量：
[-8.960023539964745;
 -46.33175996400907;
 125.7864157631049]
第5幅图像的旋转矩阵：
[-0.7297888382007885, -0.5923328093343122, -0.3413943388863747;
 0.6722592817113068, -0.5308696961214912, -0.5159891703251858;
 0.124401405902591, -0.6060686501758668, 0.7856240077056343]
第5幅图像的平移向量：
[-0.342919571674133;
 -2.938609947292252;
 0.7099256977203071]

第6幅图像的旋转向量：
[34.67759035686463;
 -26.65636081566225;
 133.1869232971821]
第6幅图像的旋转矩阵：
[-0.2906856666834, -0.9454868877573694, 0.1468209394592975;
 0.8161507362779441, -0.3251033833997859, -0.477708871358887;
 0.4993994582073524, -0.01903510391080751, 0.8661627133289149]
第6幅图像的平移向量：
[0.1433632236366817;
 -2.681875496752136;
 -0.09068521454910955]

第7幅图像的旋转向量：
[-24.22849272671682;
 -28.92581613546642;
 154.8306681828344]
第7幅图像的旋转矩阵：
[-0.6148422561661773, -0.6901624453848169, -0.3816343787094325;
 0.7813968584854939, -0.5985903013475109, -0.1763763041955948;
 -0.1067143363446813, -0.4066515094194854, 0.9073293780680575]
第7幅图像的平移向量：
[0.4450866111846228;
 -2.777794547807964;
 0.1386069369829773]

第8幅图像的旋转向量：
[-0.8656674879615769;
 -35.50190091460585;
 125.4712009899014]
第8幅图像的旋转矩阵：
[0.02393268583205607, 0.9636921402779803, 0.2659411312965894;
 -0.9601637507604706, 0.09624108306886894, -0.2623418107266096;
 -0.2784112035720712, -0.2490684899704834, 0.9276055675929153]
第8幅图像的平移向量：
[0.2978104684775684;
 -2.836822072824644;
 0.4979166596047424]

第9幅图像的旋转向量：
[-58.9512986879357;
 -32.33000619757706;
 110.5177396605916]
第9幅图像的旋转矩阵：
[-0.464815453187466, 0.6623279717365349, -0.5875953134032795;
 -0.2412251044651492, -0.7332695369407756, -0.6357092379149751;
 -0.8519137535301965, -0.1537447366579694, 0.5006051462940256]
第9幅图像的平移向量：
[1.927353563067106;
 2.195160914867517;
 0.6591698220324873]

第10幅图像的旋转向量：
[-13.48615926621805;
 -44.60544473312627;
 134.0274292397584]
第10幅图像的旋转矩阵：
[-0.848108289997085, 0.529734835138684, -0.009660894307030043;
 -0.4182988591914759, -0.6806671192257222, -0.6014302430075049;
 -0.3251744037241096, -0.5060368338822263, 0.7988669037562655]
第10幅图像的平移向量：
[0.2480058108882374;
 2.53766059187803;
 0.07555041284305274]

第11幅图像的旋转向量：
[-12.02798445623551;
 -41.23075965400409;
 127.8488821232042]
第11幅图像的旋转矩阵：
[-0.9605633427381584, -0.1513532803767551, -0.2332600461006783;
 0.259114046024542, -0.7915848139936282, -0.5534016564914351;
 -0.1008859541288416, -0.592018299357265, 0.7995851158479909]
第11幅图像的平移向量：
[-0.03280122576490537;
 -3.011735808937343;
 0.5660141168941117]

第12幅图像的旋转向量：
[-18.97789678396283;
 -36.7574901527289;
 115.4672840530666]
第12幅图像的旋转矩阵：
[-0.9436614465113751, 0.2159979766242476, -0.2506949310662066;
 -0.03132392176594465, -0.8124913602418706, -0.582131086145995;
 -0.3294266022853347, -0.5414819144039309, 0.773482676005219]
第12幅图像的平移向量：
[-0.4500964565346319;
 -2.887580025867015;
 -0.7469795174812195]

第13幅图像的旋转向量：
[-14.40188471147236;
 -43.46564439002454;
 124.0060870737178]
第13幅图像的旋转矩阵：
[0.9709523554618618, -0.224730569013407, -0.08214435326894247;
 0.226836747723263, 0.9737817043429297, 0.01715465445037732;
 0.07613549307251684, -0.03528971008508585, 0.9964727909264334]
第13幅图像的平移向量：
[0.2761059264791666;
 2.699407724531461;
 0.2721087916266986]


