%YAML:1.0
R: !!opencv-matrix
   rows: 3
   cols: 3
   dt: d
   data: [ 9.9998635494513455e-01, 3.5098733377791768e-03,
       3.8692005241712114e-03, -3.4868904070357262e-03,
       9.9997633334149161e-01, -5.9307969275116321e-03,
       -3.8899252991313523e-03, 5.9172245232715359e-03,
       9.9997492715323033e-01 ]
T: !!opencv-matrix
   rows: 3
   cols: 1
   dt: d
   data: [ -3.3267335558390052e+01, 3.6935721650261277e-01,
       -2.1244285433725373e-02 ]
Rl: !!opencv-matrix
   rows: 3
   cols: 3
   dt: d
   data: [ 9.9996075023619069e-01, -7.5883150605532629e-03,
       4.5733424993588418e-03, 7.6017764823667171e-03,
       9.9996680384015957e-01, -2.9332937131876552e-03,
       -4.5509319250894532e-03, 2.9679441095596423e-03,
       9.9998524005425982e-01 ]
Rr: !!opencv-matrix
   rows: 3
   cols: 3
   dt: d
   data: [ 9.9993816687137638e-01, -1.1102012583545805e-02,
       6.3855344819521449e-04, 1.1100080077599030e-02,
       9.9993402817514221e-01, 2.9542375843182559e-03,
       -6.7130930449488583e-04, -2.9469669201569468e-03,
       9.9999543235446287e-01 ]
Pl: !!opencv-matrix
   rows: 3
   cols: 4
   dt: d
   data: [ 4.4498864598938724e+02, 0., 3.4174050521850586e+02, 0., 0.,
       4.4498864598938724e+02, 2.4710769081115723e+02, 0., 0., 0., 1.,
       0. ]
Pr: !!opencv-matrix
   rows: 3
   cols: 4
   dt: d
   data: [ 4.4498864598938724e+02, 0., 3.4174050521850586e+02,
       -1.4804502014479855e+04, 0., 4.4498864598938724e+02,
       2.4710769081115723e+02, 0., 0., 0., 1., 0. ]
Q: !!opencv-matrix
   rows: 4
   cols: 4
   dt: d
   data: [ 1., 0., 0., -3.4174050521850586e+02, 0., 1., 0.,
       -2.4710769081115723e+02, 0., 0., 0., 4.4498864598938724e+02, 0.,
       0., 3.0057657160920154e-02, 0. ]
