%YAML:1.0
cameraMatrixL: !!opencv-matrix
   rows: 3
   cols: 3
   dt: d
   data: [ 5.3370141137441306e+02, 0., 3.4174968377270648e+02, 0.,
       5.3383894162717877e+02, 2.3610021158917539e+02, 0., 0., 1. ]
cameraDistcoeffL: !!opencv-matrix
   rows: 5
   cols: 1
   dt: d
   data: [ -2.9434685156936963e-01, 1.2725719278624398e-01,
       1.2799564578499848e-03, -2.0142790564923872e-04,
       -5.1463418611091397e-02 ]
cameraMatrixR: !!opencv-matrix
   rows: 3
   cols: 3
   dt: d
   data: [ 5.3727788740001574e+02, 0., 3.2677569874167045e+02, 0.,
       5.3712802807132493e+02, 2.5065409420762086e+02, 0., 0., 1. ]
cameraDistcoeffR: !!opencv-matrix
   rows: 5
   cols: 1
   dt: d
   data: [ -3.0931652878363469e-01, 2.0763988753579068e-01,
       -8.3441258514740740e-04, -3.8558456069598231e-05,
       -1.5475252411009263e-01 ]
